0 0.3745401188473625
1000 0.9507143064099162
2000 0.7319939418114051
3000 0.5986584841970366
4000 0.15601864044243652
5000 0.15599452033620265
6000 0.05808361216819946
7000 0.8661761457749352
8000 0.6011150117432088
9000 0.7080725777960455
10000 0.020584494295802447
11000 0.9699098521619943
12000 0.8324426408004217
13000 0.21233911067827616
14000 0.18182496720710062
15000 0.18340450985343382
16000 0.3042422429595377
17000 0.5247564316322378
18000 0.43194501864211576
19000 0.2912291401980419
20000 0.6118528947223795
21000 0.13949386065204183
22000 0.29214464853521815
23000 0.3663618432936917
24000 0.45606998421703593
25000 0.7851759613930136
26000 0.19967378215835974
27000 0.5142344384136116
28000 0.5924145688620425
29000 0.046450412719997725
30000 0.6075448519014384
31000 0.17052412368729153
32000 0.06505159298527952
33000 0.9488855372533332
34000 0.9656320330745594
35000 0.8083973481164611
36000 0.3046137691733707
37000 0.09767211400638387
38000 0.6842330265121569
39000 0.4401524937396013
40000 0.12203823484477883
41000 0.4951769101112702
42000 0.034388521115218396
43000 0.9093204020787821
44000 0.2587799816000169
45000 0.662522284353982
46000 0.31171107608941095
47000 0.5200680211778108
48000 0.5467102793432796
49000 0.18485445552552704
50000 0.9695846277645586
51000 0.7751328233611146
52000 0.9394989415641891
53000 0.8948273504276488
54000 0.5978999788110851
55000 0.9218742350231168
56000 0.0884925020519195
57000 0.1959828624191452
58000 0.045227288910538066
59000 0.32533033076326434
60000 0.388677289689482
61000 0.2713490317738959
62000 0.8287375091519293
63000 0.3567533266935893
64000 0.28093450968738076
65000 0.5426960831582485
66000 0.14092422497476265
67000 0.8021969807540397
68000 0.07455064367977082
69000 0.9868869366005173
70000 0.7722447692966574
71000 0.1987156815341724
72000 0.005522117123602399
73000 0.8154614284548342
74000 0.7068573438476171
75000 0.7290071680409873
76000 0.7712703466859457
77000 0.07404465173409036
78000 0.3584657285442726
79000 0.11586905952512971
80000 0.8631034258755935
81000 0.6232981268275579
82000 0.3308980248526492
83000 0.06355835028602363
84000 0.3109823217156622
85000 0.32518332202674705
86000 0.7296061783380641
87000 0.6375574713552131
88000 0.8872127425763265
89000 0.4722149251619493
90000 0.1195942459383017
91000 0.713244787222995
92000 0.7607850486168974
93000 0.5612771975694962
94000 0.770967179954561
95000 0.49379559636439074
96000 0.5227328293819941
97000 0.42754101835854963
98000 0.02541912674409519
99000 0.10789142699330445
100000 0.03142918568673425
101000 0.6364104112637804
102000 0.3143559810763267
103000 0.5085706911647028
104000 0.907566473926093
105000 0.24929222914887494
106000 0.41038292303562973
107000 0.7555511385430487
108000 0.22879816549162246
109000 0.07697990982879299
110000 0.289751452913768
111000 0.16122128725400442
112000 0.9296976523425731
113000 0.808120379564417
114000 0.6334037565104235
115000 0.8714605901877177
116000 0.8036720768991145
117000 0.18657005888603584
118000 0.8925589984899778
119000 0.5393422419156507
120000 0.8074401551640625
121000 0.8960912999234932
122000 0.3180034749718639
123000 0.11005192452767676
124000 0.22793516254194168
125000 0.4271077886262563
126000 0.8180147659224931
127000 0.8607305832563434
128000 0.006952130531190703
129000 0.5107473025775657
130000 0.417411003148779
131000 0.22210781047073025
132000 0.1198653673336828
133000 0.33761517140362796
134000 0.9429097039125192
135000 0.32320293202075523
136000 0.5187906217433661
137000 0.7030189588951778
138000 0.363629602379294
139000 0.9717820827209607
140000 0.9624472949421112
141000 0.25178229582536416
142000 0.49724850589238545
143000 0.30087830981676966
144000 0.2848404943774676
145000 0.036886947354532795
146000 0.6095643339798968
147000 0.5026790232288615
148000 0.05147875124998935
149000 0.27864646423661144
150000 0.9082658859666537
151000 0.23956189066697242
152000 0.1448948720912231
153000 0.489452760277563
154000 0.9856504541106007
155000 0.2420552715115004
156000 0.6721355474058786
157000 0.7616196153287176
158000 0.23763754399239967
159000 0.7282163486118596
160000 0.3677831327192532
161000 0.6323058305935795
162000 0.6335297107608947
163000 0.5357746840747585
164000 0.0902897700544083
165000 0.835302495589238
166000 0.32078006497173583
167000 0.18651851039985423
168000 0.040775141554763916
169000 0.5908929431882418
170000 0.6775643618422824
171000 0.016587828927856152
172000 0.512093058299281
173000 0.22649577519793795
174000 0.6451727904094499
175000 0.17436642900499144
176000 0.690937738102466
177000 0.3867353463005374
178000 0.9367299887367345
179000 0.13752094414599325
180000 0.3410663510502585
181000 0.11347352124058907
182000 0.9246936182785628
183000 0.877339353380981
184000 0.2579416277151556
185000 0.659984046034179
186000 0.8172222002012158
187000 0.5552008115994623
188000 0.5296505783560065
189000 0.24185229090045168
190000 0.09310276780589921
191000 0.8972157579533268
192000 0.9004180571633305
193000 0.6331014572732679
194000 0.3390297910487007
195000 0.3492095746126609
196000 0.7259556788702394
197000 0.8971102599525771
198000 0.8870864242651173
199000 0.7798755458576239
200000 0.6420316461542878
201000 0.08413996499504883
202000 0.16162871409461377
203000 0.8985541885270792
204000 0.6064290596595899
205000 0.009197051616629648
206000 0.1014715428660321
207000 0.6635017691080558
208000 0.005061583846218687
209000 0.16080805141749865
210000 0.5487337893665861
211000 0.6918951976926933
212000 0.6519612595026005
213000 0.22426930946055978
214000 0.7121792213475359
215000 0.23724908749680007
216000 0.3253996981592677
217000 0.7464914051180241
218000 0.6496328990472147
219000 0.8492234104941779
220000 0.6576128923003434
221000 0.5683086033354716
222000 0.09367476782809248
223000 0.3677158030594335
224000 0.26520236768172545
225000 0.24398964337908358
226000 0.9730105547524456
227000 0.3930977246667604
228000 0.8920465551771133
229000 0.6311386259972629
230000 0.7948113035416484
231000 0.5026370931051921
232000 0.5769038846263591
233000 0.4925176938188639
234000 0.1952429877980445
235000 0.7224521152615053
236000 0.2807723624408558
237000 0.02431596643145384
238000 0.6454722959071678
239000 0.17711067940704894
240000 0.9404585843529143
241000 0.9539285770025874
242000 0.9148643902204485
243000 0.3701587002554444
244000 0.015456616528867428
245000 0.9283185625877254
246000 0.42818414831731433
247000 0.9666548190436696
248000 0.9636199770892528
249000 0.8530094554673601
250000 0.2944488920695857
251000 0.38509772860192526
252000 0.8511366715168569
253000 0.31692200515627766
254000 0.1694927466860925
255000 0.5568012624583502
256000 0.936154774160781
257000 0.696029796674973
258000 0.570061170089365
259000 0.09717649377076854
260000 0.6150072266991697
261000 0.9900538501042633
262000 0.14008401523652403
263000 0.5183296523637367
264000 0.8773730719279554
265000 0.7407686177542044
266000 0.697015740995268
267000 0.7024840839871093
268000 0.35949115121975517
269000 0.29359184426449336
270000 0.8093611554785136
271000 0.8101133946791808
272000 0.8670723185801037
273000 0.9132405525564713
274000 0.5113423988609378
275000 0.5015162946871996
276000 0.7982951789667752
277000 0.6499639307777652
278000 0.7019668772577033
279000 0.795792669436101
280000 0.8900053418175663
281000 0.3379951568515358
282000 0.375582952639944
283000 0.093981939840869
284000 0.578280140996174
285000 0.035942273796742086
286000 0.46559801813246016
287000 0.5426446347075766
288000 0.2865412521282844
289000 0.5908332605690108
290000 0.03050024993904943
291000 0.03734818874921442
292000 0.8226005606596583
293000 0.3601906414112629
294000 0.12706051265188478
295000 0.5222432600548044
296000 0.7699935530986108
297000 0.21582102749684318
298000 0.6228904758190003
299000 0.085347464993768
300000 0.0516817211686077
301000 0.531354631568148
302000 0.5406351216101065
303000 0.6374299014982066
304000 0.7260913337226615
305000 0.9758520794625346
306000 0.5163003483011953
307000 0.32295647294124596
308000 0.7951861947687037
309000 0.2708322512620742
310000 0.4389714207056361
311000 0.07845638134226596
312000 0.02535074341545751
313000 0.9626484146779251
314000 0.8359801205122058
315000 0.695974206093698
316000 0.4089529444142699
317000 0.17329432007084578
318000 0.15643704267108605
319000 0.25024289816459533
320000 0.5492266647061205
321000 0.7145959227000623
322000 0.6601973767177313
323000 0.27993389694594284
324000 0.9548652806631941
325000 0.7378969166957685
326000 0.5543540525114007
327000 0.6117207462343522
328000 0.4196000624277899
329000 0.24773098950115746
330000 0.3559726786512616
331000 0.7578461104643691
332000 0.014393488629755868
333000 0.11607264050691624
334000 0.04600264202175275
335000 0.040728802318970136
336000 0.8554605840110072
337000 0.7036578593800237
338000 0.4741738290873252
339000 0.09783416065100148
340000 0.49161587511683236
341000 0.4734717707805657
342000 0.17320186991001518
343000 0.43385164923797304
344000 0.39850473439737344
345000 0.6158500980522165
346000 0.6350936508676438
347000 0.04530400977204452
348000 0.3746126146264712
349000 0.6258599157142364
350000 0.5031362585800877
351000 0.8564898411883223
352000 0.658693631618945
353000 0.1629344270814297
354000 0.07056874740042984
355000 0.6424192782063156
356000 0.026511310541621813
357000 0.5857755812734633
358000 0.9402302414249576
359000 0.575474177875879
360000 0.3881699262065219
361000 0.6432882184423532
362000 0.45825289049151663
363000 0.5456167893159349
364000 0.9414648087765252
365000 0.38610263780077425
366000 0.9611905638239142
367000 0.9053506419560637
368000 0.19579113478929644
369000 0.06936130087516545
370000 0.10077800137742665
371000 0.018221825651549728
372000 0.0944429607559284
373000 0.6830067734163568
374000 0.07118864846022899
375000 0.3189756302937613
376000 0.8448753109694546
377000 0.023271935735825866
378000 0.8144684825889358
379000 0.28185477477339993
380000 0.11816482762165625
381000 0.6967371653641506
382000 0.628942846779884
383000 0.877472013527053
384000 0.7350710438038858
385000 0.8034809303848486
386000 0.2820345725713065
387000 0.17743954377972282
388000 0.7506147516408583
389000 0.806834739267264
390000 0.9905051420006733
391000 0.4126176769114265
392000 0.37201808579278317
393000 0.7764129607419968
394000 0.34080354025301784
395000 0.9307573256035647
396000 0.8584127518430118
397000 0.42899402737501835
398000 0.7508710677914974
399000 0.7545428740846823
400000 0.10312386883593261
401000 0.9025529066795667
402000 0.5052523724478571
403000 0.8264574661077416
404000 0.32004960103061175
405000 0.8955232284962005
406000 0.3892016787341631
407000 0.01083765148029836
408000 0.9053819764192637
409000 0.09128667678613356
410000 0.31931363759041487
411000 0.9500619670508049
412000 0.9506071469375561
413000 0.5734378881232861
414000 0.6318372121697993
415000 0.44844552197831977
416000 0.29321077169806453
417000 0.32866454536991596
418000 0.6725184560770384
419000 0.75237452943768
420000 0.7915790437258485
421000 0.7896181427945539
422000 0.09120610304869037
423000 0.49442030470258147
424000 0.057558760016644284
425000 0.5495288823237355
426000 0.441530501373377
427000 0.8877041827582998
428000 0.3509150125520787
429000 0.11706701642760586
430000 0.14299168205283586
431000 0.7615106317174722
432000 0.6182180633162611
433000 0.10112267612279024
434000 0.08410680611499743
435000 0.70096913145912
436000 0.07276300636419353
437000 0.8218600592903562
438000 0.7062422271564962
439000 0.08134878064189976
440000 0.08483771408519192
441000 0.9866395785011755
442000 0.3742707957561203
443000 0.3706421470668909
444000 0.8127995672575026
445000 0.9472485773838587
446000 0.9860010638228709
447000 0.7533781852589416
448000 0.37625958553091576
449000 0.08350071669866876
450000 0.7771469159274368
451000 0.558404249735805
452000 0.4242220092469763
453000 0.906354385094736
454000 0.11119748230615134
455000 0.49262510429085915
456000 0.011353644767419069
457000 0.46866064199412627
458000 0.05630327568183735
459000 0.11881791626807192
460000 0.11752624677710488
461000 0.6492103021160636
462000 0.7460448792654233
463000 0.5833687650971596
464000 0.9621725484745419
465000 0.37487057952370406
466000 0.28571208628186073
467000 0.8685991281894603
468000 0.22359583851945264
469000 0.9632225394406113
470000 0.012154474689816341
471000 0.969878826707639
472000 0.04315991195057611
473000 0.8911431136980711
474000 0.5277011090862999
475000 0.9929647961193003
476000 0.07379656473539886
477000 0.5538542844013208
478000 0.969302535619099
479000 0.5230978441701488
480000 0.6293986381352625
481000 0.6957486889846172
482000 0.45454106476777323
483000 0.6275580800840634
484000 0.5843143119231002
485000 0.901158010490989
486000 0.04544638034145787
487000 0.2809631895922303
488000 0.9504114840765587
489000 0.8902637838909163
490000 0.45565675278571294
491000 0.6201325978015367
492000 0.2773811829811327
493000 0.1881211597237613
494000 0.46369840493998216
495000 0.3533522280260528
496000 0.5836561118508721
497000 0.07773463696498484
498000 0.9743948076661665
499000 0.9862107444796029
500000 0.6981617140197451
501000 0.5360963663441204
502000 0.30952761628632774
503000 0.8137950197069487
504000 0.6847311725538793
505000 0.1626169393448913
506000 0.9109271844938425
507000 0.822537242923169
508000 0.949799913291924
509000 0.72571950838836
510000 0.6134151959357899
511000 0.4182430362906189
512000 0.9327284833540133
513000 0.8660638895004084
514000 0.04521867010618941
515000 0.026366974497252005
516000 0.3764633668780496
517000 0.8105533307818329
518000 0.9872761293149445
519000 0.15041689110352818
520000 0.5941307153521351
521000 0.3808908566310215
522000 0.9699143978146032
523000 0.8421189231357087
524000 0.8383287047111379
525000 0.4686931597949703
526000 0.4148195023376652
527000 0.27340707193070624
528000 0.056375496650927115
529000 0.8647223762550532
530000 0.8129010091300776
531000 0.9997176732861306
532000 0.9966368370739054
533000 0.5554317056026274
534000 0.7689874151805105
535000 0.944765729882428
536000 0.8496473906774115
537000 0.24734810174319766
538000 0.4505441353100935
539000 0.12915941515149498
540000 0.9540510272587224
541000 0.60617463445088
542000 0.22864280550346272
543000 0.6717006844058567
544000 0.6181282404578958
545000 0.3581627180328405
546000 0.11355759219962902
547000 0.6715731955927996
548000 0.5203077009037933
549000 0.7723183917356393
550000 0.5201635011119934
551000 0.8521815003185401
552000 0.5519068387744855
553000 0.5609379715353863
554000 0.876653602658345
555000 0.40348286621239704
556000 0.13401522845064073
557000 0.028782676313338973
558000 0.755137255673619
559000 0.6203095513534647
560000 0.7040797680992236
561000 0.21296416150891073
562000 0.13637147558676976
563000 0.014544665667881929
564000 0.350587558806597
565000 0.5899176868546331
566000 0.3922440450997323
567000 0.43747492202372906
568000 0.9041586944937484
569000 0.34825546702330035
570000 0.5139894891598108
571000 0.7836530127411431
572000 0.39654278232127016
573000 0.6220867002278735
574000 0.8623637087467452
575000 0.9495206236576421
576000 0.14707348092903794
577000 0.9265876251614944
578000 0.4921162930795382
579000 0.25824438829895835
580000 0.4591357562382613
581000 0.980032575285477
582000 0.4926180939928696
583000 0.3287516102875082
584000 0.6334008543167258
585000 0.24014561877819307
586000 0.07586332810866392
587000 0.12887972191064923
588000 0.12804583895777244
589000 0.15190269351229435
590000 0.13882717264941014
591000 0.6408747448032146
592000 0.18188008439914483
593000 0.3456672833238632
594000 0.8967884099060118
595000 0.47396164026287235
596000 0.6675577385210272
597000 0.17231987120162984
598000 0.19228901880867078
599000 0.04086861626647886
600000 0.16893506307216455
601000 0.2785903390319586
602000 0.17701048427674682
603000 0.08870253375705561
604000 0.12063587110060081
605000 0.46077876803272577
606000 0.2063337184057925
607000 0.36426986104807546
608000 0.5034172708548569
609000 0.6903948286293653
610000 0.039312139841098936
611000 0.7994103989090426
612000 0.6279003894909078
613000 0.08175903194887191
614000 0.8735786241067772
615000 0.9208724005318132
616000 0.06107795985486375
617000 0.2768776481472037
618000 0.8062012797930613
619000 0.7482596903836584
620000 0.18452101935637732
621000 0.2093493233367103
622000 0.370472102791382
623000 0.4845229851910213
624000 0.618254771530296
625000 0.3689136395697724
626000 0.4625347161331479
627000 0.7474709381337565
628000 0.0366832028905979
629000 0.25243694434402075
630000 0.7133495858845524
631000 0.8952068376871993
632000 0.5116774421156661
633000 0.5321134852653157
634000 0.10717201133977605
635000 0.44741236682345464
636000 0.5326172664550232
637000 0.24247050363472966
638000 0.26924323094938096
639000 0.37728416310462265
640000 0.02007119777772637
641000 0.3220791655831783
642000 0.21144800699654465
643000 0.32749735217791465
644000 0.11976213181925122
645000 0.890527280739895
646000 0.5935924535540487
647000 0.6791023191444896
648000 0.7891712386073383
649000 0.4984421989290573
650000 0.08692028808742369
651000 0.5371065418185478
652000 0.5868411180208791
653000 0.74543947418433
654000 0.4316595462296794
655000 0.12758030279556376
656000 0.28377590579872447
657000 0.3630822963986351
658000 0.6459172413316012
659000 0.5707783046689119
660000 0.35609672589784624
661000 0.9865152487929797
662000 0.6057748193568872
663000 0.23722679173599448
664000 0.10178247262040374
665000 0.15285913918433203
666000 0.24595772838450813
667000 0.16068137325955567
668000 0.18656702405130576
669000 0.2850951686938471
670000 0.17337359529475482
671000 0.8967654246264252
672000 0.08023374566164221
673000 0.5245113895702547
674000 0.4103968269896615
675000 0.9823786169086064
676000 0.11203890216805235
677000 0.39785559904574164
678000 0.9694704332753689
679000 0.8655071258939803
680000 0.8170720709492799
681000 0.25790282704493983
682000 0.17088758739006582
683000 0.668643219924431
684000 0.9293759891275858
685000 0.5567628930139298
686000 0.5716126894698998
687000 0.2799790936602842
688000 0.7694929331919369
689000 0.18704374855752337
690000 0.3236792364042437
691000 0.4254364386164168
692000 0.507610378684455
693000 0.24240973241508024
694000 0.11483682473920354
695000 0.6106200424416326
696000 0.28863055324025577
697000 0.5812382214226123
698000 0.1543627152742023
699000 0.4811401018548175
700000 0.5325894325515859
701000 0.05182353682242691
702000 0.3366042781939206
703000 0.13441467693897424
704000 0.06337497047276774
705000 0.9899602323899452
706000 0.32235384497472297
707000 0.8098744458546349
708000 0.25464065476376385
709000 0.6815027222239293
710000 0.7602278598896866
711000 0.5956387406078443
712000 0.47157618855015837
713000 0.41184091414726853
714000 0.3488682665429953
715000 0.9295291442478258
716000 0.8306194077877291
717000 0.9650269106665126
718000 0.12429722348554473
719000 0.7308674752036443
720000 0.9383404568210378
721000 0.18123306616566015
722000 0.0664962673667775
723000 0.741120649290059
724000 0.5744731131799119
725000 0.8418287767582721
726000 0.1397723766262895
727000 0.7952673118598902
728000 0.20162732004774453
729000 0.1636559428657045
730000 0.16426579793099294
731000 0.8145747202313821
732000 0.6651972206962001
733000 0.5230654247691193
734000 0.3588304841235025
735000 0.8772005408131083
736000 0.3924451074226354
737000 0.8165994394715771
738000 0.4391349085702184
739000 0.3769444294249076
740000 0.46267978566960644
741000 0.3013778741641421
742000 0.7476093801762511
743000 0.5027203900924792
744000 0.2322126951468173
745000 0.8995745732745685
746000 0.3838912213732114
747000 0.5435528611139886
748000 0.9064721109645469
749000 0.6242379959139921
750000 0.11689804070836407
751000 0.9398321236134751
752000 0.6277080530714179
753000 0.3349056146570861
754000 0.13927207266338726
755000 0.794025189270296
756000 0.6200727559285135
757000 0.5334610919763215
758000 0.8938925830509576
759000 0.7885972112245307
760000 0.15167487973275118
761000 0.31172206779554823
762000 0.24848913981446574
763000 0.743946292572677
764000 0.03353243473577938
765000 0.5698896848713165
766000 0.7624586857406905
767000 0.8767656367617495
768000 0.34208174871590746
769000 0.8212573046720129
770000 0.11063173695520723
771000 0.8464522917345182
772000 0.12748866233198242
773000 0.39728729056036727
774000 0.7972953657795536
775000 0.14991742734877378
776000 0.22925139523264149
777000 0.7222525683930663
778000 0.7200365365460744
779000 0.6411476328852973
780000 0.6939484444671
781000 0.5427244433475962
782000 0.25179905890695276
783000 0.34569599350391944
784000 0.18159771680142567
785000 0.9084505613336283
786000 0.5833917947661205
787000 0.4008514167636399
788000 0.4620058036441327
789000 0.9472833396118153
790000 0.1533514031160802
791000 0.5862298320167972
792000 0.505888678884466
793000 0.6114542354346478
794000 0.01811018382084051
795000 0.8721239089441515
796000 0.9321182824836124
797000 0.5651331835892089
798000 0.6966508238768923
799000 0.9224993811772957
800000 0.7072386343133986
801000 0.15253904291426135
802000 0.5762883601668132
803000 0.6067150463828559
804000 0.424130671302386
805000 0.7364442356247228
806000 0.9343670147690148
807000 0.9255685129067763
808000 0.4508393714041321
809000 0.11323804584075525
810000 0.9848411989623346
811000 0.8388980864459341
812000 0.12466268120326685
813000 0.9208418826173723
814000 0.8698963620621283
815000 0.5188380571260721
816000 0.5912754357449292
817000 0.39900270387013026
818000 0.05476163882203133
819000 0.3351972416459009
820000 0.8028534485980114
821000 0.004632023004602859
822000 0.3334991716911442
823000 0.3981686935909433
824000 0.5373956029379229
825000 0.9198556164127605
826000 0.34634599436596125
827000 0.3469532018962277
828000 0.7375012481097484
829000 0.45221794088980716
830000 0.22460482293998196
831000 0.4524395161326934
832000 0.14085702037979986
833000 0.1763869865062233
834000 0.49836777273947974
835000 0.4189254495045479
836000 0.9148459010681
837000 0.3623938991166331
838000 0.5805883502780435
839000 0.6322642879195304
840000 0.013094456588333636
841000 0.6635373720167106
842000 0.17803596686975143
843000 0.9610703174694551
844000 0.14866272775311296
845000 0.41462412372702373
846000 0.08534966807864386
847000 0.9968742518459474
848000 0.5021950103312426
849000 0.5953850173200438
850000 0.06707647738842748
851000 0.7499604703991778
852000 0.20990559309558576
853000 0.8980542894407137
854000 0.20513964048200717
855000 0.19068772066366657
856000 0.03654966784809488
857000 0.47206694510999925
858000 0.5648411332626164
859000 0.06570863942835237
860000 0.7755276166950106
861000 0.4532888347480276
862000 0.52439026932758
863000 0.44076274693822814
864000 0.400763060875326
865000 0.5596403313082179
866000 0.1552402459307125
867000 0.18192813049527112
868000 0.8617856210135173
869000 0.9461154621336327
870000 0.37330931627975295
871000 0.27074467314355377
872000 0.6439995432390158
873000 0.4087341710980964
874000 0.02538635566034486
875000 0.15615259736619036
876000 0.7159722288473975
877000 0.6589239419101514
878000 0.02709599250348349
879000 0.22197216193294944
880000 0.2310747965880714
881000 0.6718927435987284
882000 0.019710537754364155
883000 0.10410858198457384
884000 0.7999160853731894
885000 0.1785446620543336
886000 0.6527461078518747
887000 0.23818278104672652
888000 0.09944139275934516
889000 0.24317219099945409
890000 0.7222669318556592
891000 0.8556964681062857
892000 0.8302198645669916
893000 0.3971835296184548
894000 0.6680851365706462
895000 0.20498429541582097
896000 0.29314773026101326
897000 0.8963358185211198
898000 0.013001923510736035
899000 0.08550853085446808
900000 0.20788625514602732
901000 0.026532203873819715
902000 0.18143543508979731
903000 0.5830415609696922
904000 0.42142455059249795
905000 0.8926717110769748
906000 0.8174435617384409
907000 0.34181735169787597
908000 0.2594234334312925
909000 0.3796924081672669
910000 0.5902949425148077
911000 0.26806364082287626
912000 0.624148907849134
913000 0.4094116521912404
914000 0.5520471808519802
915000 0.4361265291353167
916000 0.29446575954191767
917000 0.9484533069621567
918000 0.7636057941597608
919000 0.14011317576645255
920000 0.8684679758979128
921000 0.48743119824951364
922000 0.8945522268940914
923000 0.7998552559473152
924000 0.42521350446923345
925000 0.022469308320117398
926000 0.2686773593849461
927000 0.5416342146608669
928000 0.6334782198261473
929000 0.2578876854332023
930000 0.13935607407282413
931000 0.8349302367992991
932000 0.9844021807035521
933000 0.5256901823026858
934000 0.1716792858483035
935000 0.27230732651936895
936000 0.018390676547466733
937000 0.914298806560499
938000 0.11775108289014113
939000 0.5765164755142536
940000 0.274055220687206
941000 0.5541780025157934
942000 0.6514203883518642
943000 0.8297418037072016
944000 0.2064212717606032
945000 0.010995828658480478
946000 0.13688563006880727
947000 0.9000186418481051
948000 0.8738900775625152
949000 0.5974131021703083
950000 0.6005168604336534
951000 0.6650366745462555
952000 0.1753712786234496
953000 0.9144119459249598
954000 0.4187705248920731
955000 0.38313852824949746
956000 0.5189177052828375
957000 0.046965966775055046
958000 0.1662833687560794
959000 0.7380336164263704
960000 0.08279866792512647
961000 0.6031521094663882
962000 0.24534910968132095
963000 0.38929561404197655
964000 0.28869373677069987
965000 0.35567271646494913
966000 0.7190459051842455
967000 0.297121715623175
968000 0.5664046402968972
969000 0.47605040219909966
970000 0.6636711653626481
971000 0.936829739324758
972000 0.7325720972102503
973000 0.21494037859075676
974000 0.031183135061284672
975000 0.2622640442998251
976000 0.5950779307002548
977000 0.05142581348425035
978000 0.49636624720123634
979000 0.5968428489168892
980000 0.3342438908169608
981000 0.7709122037458219
982000 0.1065982531337718
983000 0.07513778173580876
984000 0.7281887562036033
985000 0.49549131620619846
986000 0.688402396427736
987000 0.4348273386037462
988000 0.2464020332391068
989000 0.8191023176741997
990000 0.7994158789689793
991000 0.6946964708544268
992000 0.2721451372299627
993000 0.5902306668690871
994000 0.3609738969400268
995000 0.09158207332663415
996000 0.9173135754622428
997000 0.1368186309189614
998000 0.9502373538208024
999000 0.44600577295795574
1000000 0.18513292883861965
1001000 0.5419009473783581
1002000 0.8729458358764083
1003000 0.7322248864095612
1004000 0.8065611478614497
1005000 0.6587833667107174
1006000 0.6922765645178525
1007000 0.8491956515653193
1008000 0.24966800885918594
1009000 0.4894249636431405
1010000 0.22120944181960223
1011000 0.987668007996647
1012000 0.9440593396866133
1013000 0.0394268113685059
1014000 0.7055751725156885
1015000 0.9252483174156658
1016000 0.18057534512733353
1017000 0.5679452305526295
1018000 0.9154882975880418
1019000 0.03394597858579884
1020000 0.6974202672468399
1021000 0.29734900737255077
1022000 0.9243961953765304
1023000 0.9710582451653678
1024000 0.9442664891134339
1025000 0.47421421665746377
1026000 0.8620426509893134
1027000 0.8445493985350704
1028000 0.31910047324325563
1029000 0.8289154741506773
1030000 0.03700763471549262
1031000 0.596269878482053
1032000 0.23000883728770305
1033000 0.12056688577727881
1034000 0.07695320162920916
1035000 0.6962887758781398
1036000 0.33987496376806614
1037000 0.7247667715287615
1038000 0.06535634079894237
1039000 0.31529033783061033
1040000 0.5394912923753372
1041000 0.7907231648389635
1042000 0.3187525029320699
1043000 0.6258913764370091
1044000 0.8859777482361871
1045000 0.6158631881823046
1046000 0.23295947475363377
1047000 0.02440078155653802
1048000 0.8700988739009299
1049000 0.021269410850387138
1050000 0.8747016726841994
1051000 0.528937134027212
1052000 0.9390676985128962
1053000 0.7987832357736654
1054000 0.9979341105333375
1055000 0.35071181545171015
1056000 0.7671882889311269
1057000 0.40193091360924216
1058000 0.47987562030390885
1059000 0.6275054632183701
1060000 0.8736771141863388
1061000 0.9840834691992951
1062000 0.7682734138645182
1063000 0.41776678216733376
1064000 0.4213570022770702
1065000 0.7375823015888915
1066000 0.23877714576830233
1067000 0.11047411313139466
1068000 0.35462215764077654
1069000 0.28723899165408173
1070000 0.2963081204559901
1071000 0.23360775104990994
1072000 0.04209318963636188
1073000 0.01787393473341381
1074000 0.9877223897360315
1075000 0.42777313373586234
1076000 0.3843266471596817
1077000 0.6796472826930698
1078000 0.21825388786506417
1079000 0.9499611839502253
1080000 0.786345014415552
1081000 0.08941100231225951
1082000 0.41758077578492836
1083000 0.8791183075621647
1084000 0.9447320222914103
1085000 0.4674015112498697
1086000 0.6134113892107077
1087000 0.16703394609207523
1088000 0.9911686261369765
1089000 0.2316717013834434
1090000 0.9427317741351257
1091000 0.6496466489923685
1092000 0.6077367948788591
1093000 0.5126885110165086
1094000 0.2306698117177587
1095000 0.17652803200550826
1096000 0.22048620907017535
1097000 0.18643826214425452
1098000 0.7795844735667533
1099000 0.3501252591667301
1100000 0.05784267656339637
1101000 0.9691026301408113
1102000 0.8837858849634257
1103000 0.927752283195213
1104000 0.9949078226464353
1105000 0.1738952492194873
1106000 0.39624201890265875
1107000 0.7582384757040913
1108000 0.6960206180537922
1109000 0.15389590633985506
1110000 0.8158331249906178
1111000 0.22444057183666066
1112000 0.22381761482262308
1113000 0.5369744228934136
1114000 0.5929399348417032
1115000 0.5800862078378112
1116000 0.09148683739775487
1117000 0.8774608626303804
1118000 0.26560004258870606
1119000 0.12951492128280417
1120000 0.8887480798689772
1121000 0.9556514982297534
1122000 0.8621276172654506
1123000 0.8095160747248781
1124000 0.6552419806390217
1125000 0.5508573706091393
1126000 0.08698675991141014
1127000 0.4084532130706987
1128000 0.372688517012314
1129000 0.2597537837603262
1130000 0.7234201136885849
1131000 0.4958757350787708
1132000 0.08104621590764793
1133000 0.22018320194981134
1134000 0.6832587636595959
1135000 0.07613085949030018
1136000 0.8512069140487687
1137000 0.4951465270139743
1138000 0.480586577326648
1139000 0.5924077846595176
1140000 0.8246809659251492
1141000 0.34780920790219305
1142000 0.6780161525590636
1143000 0.5657319639957911
1144000 0.2670282701694213
1145000 0.878629986355158
1146000 0.7974260216069281
1147000 0.6584518346584255
1148000 0.8505817290942419
1149000 0.8672942009598024
1150000 0.7083629767150348
1151000 0.837013328363672
1152000 0.6974714616692836
1153000 0.6801407717603004
1154000 0.6186113782151843
1155000 0.7527166395576412
1156000 0.1586051052930737
1157000 0.8808707591989284
1158000 0.871843527745232
1159000 0.029247283034559146
1160000 0.8258167505647627
1161000 0.1288698674734452
1162000 0.3351188542591419
1163000 0.7435082562916078
1164000 0.1607598960483082
1165000 0.8179670241190622
1166000 0.8321341779577419
1167000 0.5074677337608362
1168000 0.00638587171683358
1169000 0.2870381331749128
1170000 0.6169269183757422
1171000 0.9811861780274235
1172000 0.6318135270166684
1173000 0.2598035810641598
1174000 0.6340057030996114
1175000 0.5399853797158555
1176000 0.7798453951511436
1177000 0.10698063882695841
1178000 0.761027902502028
1179000 0.5412665786761103
1180000 0.9629920038589946
1181000 0.3418721660386861
1182000 0.6326218931339481
1183000 0.9320281055100175
1184000 0.10250972799067926
1185000 0.9372284872364511
1186000 0.6878857223008134
1187000 0.0678370591051719
1188000 0.30096356694681625
1189000 0.7081720886452816
1190000 0.0673506014687717
1191000 0.5821704601762733
1192000 0.34588305695295674
1193000 0.6209155177674771
1194000 0.04574203381251285
1195000 0.8715368061523763
1196000 0.9734889691773969
1197000 0.9688778552856915
1198000 0.7496518317429247
1199000 0.13008624013063197
1200000 0.7582631959290226
1201000 0.02458691645880151
1202000 0.022123551528997254
1203000 0.32361021914954125
1204000 0.48864319040466575
1205000 0.7704074178077932
1206000 0.6832953766065052
1207000 0.44590270637674834
1208000 0.2736266662816659
1209000 0.9971245001577111
1210000 0.42618130223597295
1211000 0.4513870243296755
1212000 0.16362382119166918
1213000 0.7948095487499294
1214000 0.6936822257814886
1215000 0.2207696127887604
1216000 0.0823810456158427
1217000 0.6804993020747131
1218000 0.6545112142811352
1219000 0.2732595269982093
1220000 0.9508635622504104
1221000 0.15105789178090023
1222000 0.4323348010426019
1223000 0.9436159201675989
1224000 0.4197273169261223
1225000 0.6385259476640855
1226000 0.3975943979627943
1227000 0.27421520234867003
1228000 0.9839776479598282
1229000 0.409334006315043
1230000 0.8940992036791344
1231000 0.22995460589108618
1232000 0.2131047040250833
1233000 0.03113408288451136
1234000 0.651666825375885
1235000 0.36852634372376114
1236000 0.864358249839637
1237000 0.47320990669155716
1238000 0.9681934279147217
1239000 0.18552551570312115
1240000 0.8686231679556108
1241000 0.7765968527917417
1242000 0.770921844644052
1243000 0.8447832281168877
1244000 0.7610239909429989
1245000 0.6262203216314154
1246000 0.13124487768238757
1247000 0.032526179491251916
1248000 0.9208478478156868
1249000 0.616650314520738
1250000 0.7965372909761763
1251000 0.4815223515125501
1252000 0.11730818896239448
1253000 0.12518579220255044
1254000 0.6855652872289714
1255000 0.4303058948994627
1256000 0.20052472670033672
1257000 0.4915945467414369
1258000 0.06420893707513409
1259000 0.5819714019143988
1260000 0.26899340443509767
1261000 0.7975591006371882
1262000 0.31036195892357377
1263000 0.4552201490818012
1264000 0.011620539908100636
1265000 0.07244688779455888
1266000 0.3924935564066848
1267000 0.4799388347171235
1268000 0.6000205481193037
1269000 0.29166257870930323
1270000 0.6949818861265425
1271000 0.8601223971892046
1272000 0.7798509888933498
1273000 0.039618825348357145
1274000 0.48050694725782894
1275000 0.10493017841817487
1276000 0.24204501586252747
1277000 0.9866625932671464
1278000 0.14249554290151323
1279000 0.49888815345135606
1280000 0.6181557343181191
1281000 0.702464970544104
1282000 0.5596486834869141
1283000 0.00977084741918366
1284000 0.3264613082439919
1285000 0.5177116433847114
1286000 0.08786649914483335
1287000 0.35062693120918076
1288000 0.033203108791366565
1289000 0.07857849715502074
1290000 0.39692327620159606
1291000 0.13271575404306035
1292000 0.5675408482615582
1293000 0.6894649691372657
1294000 0.8005866991090829
1295000 0.2001502442448101
1296000 0.16748258225906976
1297000 0.10456784033440025
1298000 0.6364302495436367
1299000 0.7064757264869012
1300000 0.03158614482564204
1301000 0.9362122462436898
1302000 0.05197128365147241
1303000 0.5412963353010705
1304000 0.7090605194509164
1305000 0.8709691237460856
1306000 0.7140869321324278
1307000 0.8017280830697918
1308000 0.33945019254280606
1309000 0.8148251137465122
1310000 0.08011484638467514
1311000 0.8948166560605276
1312000 0.5475923761537362
1313000 0.8172977699624937
1314000 0.45231828451830014
1315000 0.643577695196525
1316000 0.5264026609361132
1317000 0.7315895217553319
1318000 0.08162998203058958
1319000 0.0603520839905638
1320000 0.24710323401014644
1321000 0.15954468011318834
1322000 0.8717835665922017
1323000 0.21921398735804432
1324000 0.9758652558191313
1325000 0.33689579177110685
1326000 0.18211791568869928
1327000 0.7896985071424791
1328000 0.6587077755008761
1329000 0.498195716453139
1330000 0.5553635509376312
1331000 0.7192017782722638
1332000 0.22845474133129873
1333000 0.9963339160567419
1334000 0.9747931621467831
1335000 0.6503256863469369
1336000 0.19954245092914513
1337000 0.6802282424312913
1338000 0.07219840897917584
1339000 0.030652502205806065
1340000 0.2576828885112137
1341000 0.4626229567393163
1342000 0.8682725054083805
1343000 0.727169069766308
1344000 0.742706521199981
1345000 0.42549333444807536
1346000 0.3459349925469629
1347000 0.3710387629846027
1348000 0.9876495637360578
1349000 0.04010919141248248
1350000 0.8670314961224486
1351000 0.5786754085723934
1352000 0.43861541918959046
1353000 0.7252576604151365
1354000 0.48666894142470285
1355000 0.8734232380816606
1356000 0.9007018640112585
1357000 0.4217209268734554
1358000 0.2768277972350516
1359000 0.5923503285933622
1360000 0.912363345616691
1361000 0.21066218900566658
1362000 0.6229665835634828
1363000 0.6315602200925206
1364000 0.733113022415281
1365000 0.1315676851272598
1366000 0.7158249646820886
1367000 0.909032520665641
1368000 0.17968310887024197
1369000 0.23754332492387764
1370000 0.9713950940416396
1371000 0.18097695270948977
1372000 0.8543850933695791
1373000 0.4922778564480348
1374000 0.24723107440317704
1375000 0.8707499012725114
1376000 0.4453052550026655
1377000 0.5148173539296902
1378000 0.3592333693997657
1379000 0.5929508514349274
1380000 0.16352387258502277
1381000 0.3910815366517607
1382000 0.9694123223352875
1383000 0.25813343270112754
1384000 0.6567366645412922
1385000 0.3251900642246949
1386000 0.7734731256866006
1387000 0.13087366071834983
1388000 0.9698210450785447
1389000 0.45378954138363925
1390000 0.23605046334646396
1391000 0.07349674733001266
1392000 0.16975790508754074
1393000 0.5197739485560177
1394000 0.3370031764312863
1395000 0.8288833658826095
1396000 0.43088752366180594
1397000 0.2487142725876299
1398000 0.61714498660403
1399000 0.7067772168854458
1400000 0.16704190790094986
1401000 0.16761921628831766
1402000 0.03667142693354297
1403000 0.7364020150656405
1404000 0.6638045276218051
1405000 0.4746308757498139
1406000 0.8441704489691971
1407000 0.8056701529500532
1408000 0.5853543643967521
1409000 0.8682712805132586
1410000 0.20584121003676825
1411000 0.11191961939772788
1412000 0.2697496115169896
1413000 0.05708685608931485
1414000 0.531169528001032
1415000 0.9366056922949615
1416000 0.03934354066850965
1417000 0.1221099140100268
1418000 0.4521990282834353
1419000 0.9338750175279049
1420000 0.3161561049767505
1421000 0.5072348086883924
1422000 0.0415728590503921
1423000 0.14834320096208886
1424000 0.9866301229588469
1425000 0.9651186964360455
1426000 0.004939980934409616
1427000 0.951811785423239
1428000 0.6391199378155004
1429000 0.8679182945200221
1430000 0.4547398556338591
1431000 0.5155960285792502
1432000 0.4888465802569202
1433000 0.6668642575461043
1434000 0.1396512547563129
1435000 0.029973589872677953
1436000 0.3079299415911909
1437000 0.7046807627366467
1438000 0.20185345212294836
1439000 0.6734324333249173
1440000 0.9699120461072704
1441000 0.09390071578941839
1442000 0.6726021182251263
1443000 0.44375021930457115
1444000 0.8681422543775054
1445000 0.1771497894473859
1446000 0.6926259522261645
1447000 0.8381152896481102
1448000 0.9446142194740232
1449000 0.6832480282896458
1450000 0.4971747640084273
1451000 0.6178472402012138
1452000 0.8689049844787182
1453000 0.5706097466388297
1454000 0.03038705969683686
1455000 0.9309486955069778
1456000 0.6895267510315611
1457000 0.6765133857772465
1458000 0.21567515239771717
1459000 0.6588854702326572
1460000 0.3938644056541585
1461000 0.6512329770414921
1462000 0.10659303030799072
1463000 0.657845304603036
1464000 0.9994137257706666
1465000 0.04821203886055603
1466000 0.9771741842213173
1467000 0.4069079607228706
1468000 0.8707534503372591
1469000 0.7823854840582735
1470000 0.5670162609866678
1471000 0.7384492092513265
1472000 0.8785155613013479
1473000 0.404140321651033
1474000 0.3270331615632387
1475000 0.6675933855635847
1476000 0.8078459419412586
1477000 0.7622851347766157
1478000 0.7978136488586345
1479000 0.435583314812933
1480000 0.8178342161750216
1481000 0.12020905537060844
1482000 0.5444890979608495
1483000 0.0057586604981215705
1484000 0.3245858299002703
1485000 0.3664615348713979
1486000 0.3961726916092554
1487000 0.6954672066898622
1488000 0.38855810127034573
1489000 0.44869362262253065
1490000 0.23754413087432746
1491000 0.3732517916293401
1492000 0.22726962726315147
1493000 0.07319592376844364
1494000 0.6034485933813779
1495000 0.6682127985550163
1496000 0.6194903460096145
1497000 0.46349404380057235
1498000 0.3797857801792298
1499000 0.8633336495718252
1500000 0.519081785136218
1501000 0.47918187762973097
1502000 0.025642065806435688
1503000 0.34124782762615635
1504000 0.38019561878585706
1505000 0.3988227808969005
1506000 0.5801723692273323
1507000 0.5336025467268785
1508000 0.6079050927934446
1509000 0.7648832615421283
1510000 0.8129857387160935
1511000 0.7181230762264944
1512000 0.9555236959549347
1513000 0.01823258267636163
1514000 0.1957779856835461
1515000 0.00756287497814212
1516000 0.647474714154603
1517000 0.8980305489499869
1518000 0.24348229657629927
1519000 0.9270345447963066
1520000 0.06026739028956085
1521000 0.9344360268055143
1522000 0.3516226872396344
1523000 0.10142082844921652
1524000 0.48587175918632564
1525000 0.25677656772050794
1526000 0.28487290196192283
1527000 0.3072899649262866
1528000 0.8030258978326634
1529000 0.5391612766752545
1530000 0.31130769915600365
1531000 0.6103337833109184
1532000 0.7161506742231936
1533000 0.27262400073353377
1534000 0.4135491015253515
1535000 0.12188609333694755
1536000 0.18114934953468032
1537000 0.6811178539649828
1538000 0.18143834769562694
1539000 0.5251633836670602
1540000 0.7090462617224327
1541000 0.10687692309474384
1542000 0.5673122196289035
1543000 0.25656278370136376
1544000 0.9629268752375798
1545000 0.4835456467199247
1546000 0.8059925497751581
1547000 0.5502265421562618
1548000 0.043412532854819164
1549000 0.6331513755940223
1550000 0.951403342206657
1551000 0.6016118201463312
1552000 0.8191888594267902
1553000 0.8842064633484078
1554000 0.22807977194893247
1555000 0.21204483990822665
1556000 0.6109809888509917
1557000 0.4110284698067047
1558000 0.8398613028667203
1559000 0.9000231233980112
1560000 0.3534213793027181
1561000 0.23687055897448206
1562000 0.7805255152438618
1563000 0.2748060355481361
1564000 0.8226143185136784
1565000 0.42373825364876283
1566000 0.6675498992914705
1567000 0.09553531383466818
1568000 0.623859324676573
1569000 0.4517676787372291
1570000 0.5866084631754741
1571000 0.16801420774486342
1572000 0.7368737449441821
1573000 0.8627970775432285
1574000 0.21673980009077565
1575000 0.09571455552016173
1576000 0.023638586046336396
1577000 0.641971500443266
1578000 0.6070940360887808
1579000 0.54669741271407
1580000 0.23194709611597542
1581000 0.39090599590551467
1582000 0.594476335186173
1583000 0.4967668588591694
1584000 0.9877855202148873
1585000 0.13643975255673313
1586000 0.6951445540475938
1587000 0.4043187681042921
1588000 0.42819961492561476
1589000 0.7175977656581762
1590000 0.6924361513243696
1591000 0.9912559937021883
1592000 0.12839428945412523
1593000 0.10410964938416634
1594000 0.7243388171287412
1595000 0.5783869170064091
1596000 0.27416066655980587
1597000 0.0794193689889866
1598000 0.08565824959643054
1599000 0.8941908746641183
1600000 0.1918673247187429
1601000 0.32337156211552076
1602000 0.22665640222698802
1603000 0.3549963058319373
1604000 0.06942384274609337
1605000 0.5190597909082704
1606000 0.0676125635922149
1607000 0.8003565078223616
1608000 0.23371208191043302
1609000 0.5400119146045106
1610000 0.8800790875614583
1611000 0.6508773690471942
1612000 0.5329577865513353
1613000 0.3243337531153756
1614000 0.33300191305819793
1615000 0.6694869551981901
1616000 0.9941393612211675
1617000 0.6618391898493786
1618000 0.5577834173700249
1619000 0.7306505102392461
1620000 0.46520561228371815
1621000 0.060142342600785215
1622000 0.5622968158779098
1623000 0.9576252845053802
1624000 0.17530294235765964
1625000 0.6900048908206657
1626000 0.20093368865905648
1627000 0.5358276844730813
1628000 0.09667644964671962
1629000 0.45037093625818514
1630000 0.7561633288952461
1631000 0.3475715242389821
1632000 0.664911724487218
1633000 0.7954499607897292
1634000 0.9271778194794527
1635000 0.23464208185545354
1636000 0.39931591580930814
1637000 0.15241601333041743
1638000 0.9924835021583752
1639000 0.9270009679242953
1640000 0.5399571302805596
1641000 0.8420332943764213
1642000 0.5209579772720422
1643000 0.6235856880027597
1644000 0.08912443211601662
1645000 0.7552704204968079
1646000 0.12771348363523483
1647000 0.8260676302525284
1648000 0.7820280876703859
1649000 0.7087446977429764
1650000 0.036160380524762115
1651000 0.3031283559453286
1652000 0.26311256991084286
1653000 0.3601364074715191
1654000 0.08764274676383854
1655000 0.9369578230310628
1656000 0.5538022407123763
1657000 0.30552431065802355
1658000 0.3969815170742834
1659000 0.44720254050483565
1660000 0.6005943333606173
1661000 0.5156794276964978
1662000 0.9193919732144173
1663000 0.49696348290583026
1664000 0.9921580148233127
1665000 0.8514249577450957
1666000 0.2085105143573358
1667000 0.9305952146439163
1668000 0.11636639788547609
1669000 0.8174497084911916
1670000 0.3806232934765801
1671000 0.8779743204450695
1672000 0.8680566901074503
1673000 0.8059254001176211
1674000 0.7900304363070614
1675000 0.3046791390980408
1676000 0.08091928305125218
1677000 0.40298017876516146
1678000 0.17352451498650867
1679000 0.6949510889024617
1680000 0.34609972653778553
1681000 0.9756102008599149
1682000 0.640972077345332
1683000 0.822480563634361
1684000 0.13252467274184843
1685000 0.8620144822726226
1686000 0.9227571905133943
1687000 0.4870619188189359
1688000 0.6062529377509774
1689000 0.7648098009029954
1690000 0.17483862726041255
1691000 0.5025660764634424
1692000 0.3986630277723131
1693000 0.1463739921622491
1694000 0.36753442229153144
1695000 0.06817230938549357
1696000 0.025811906949486985
1697000 0.13516628915482276
1698000 0.9631151115891738
1699000 0.549529535895017
1700000 0.96582216115322
1701000 0.432497878330132
1702000 0.3118161330852596
1703000 0.5061418628402441
1704000 0.4395116886329101
1705000 0.10566468426174391
1706000 0.6408263146902062
1707000 0.2160381825095996
1708000 0.6195879548978296
1709000 0.6502010923981534
1710000 0.1520248531286481
1711000 0.06134962711066816
1712000 0.7807615860684398
1713000 0.4598004237693202
1714000 0.05816379550547579
1715000 0.9948663171697671
1716000 0.05778056099636664
1717000 0.6950352288585532
1718000 0.9836789252634136
1719000 0.23918010421592562
1720000 0.14224936868719618
1721000 0.1213849394224289
1722000 0.30327514756759555
1723000 0.10104581101064669
1724000 0.6921613416941319
1725000 0.06229179813006269
1726000 0.5094221281497897
1727000 0.9966968538529768
1728000 0.8139702695060188
1729000 0.6152194382310109
1730000 0.30625362078661167
1731000 0.6238958362916385
1732000 0.5270414639116516
1733000 0.4260833838903715
1734000 0.13071037674019947
1735000 0.8866042152404667
1736000 0.4497846488213225
1737000 0.19462251182076507
1738000 0.3677593508772896
1739000 0.41412975252892703
1740000 0.8275378955668743
1741000 0.733614380561402
1742000 0.7693048936413398
1743000 0.011031264428647214
1744000 0.4161539981797615
1745000 0.4813441516353236
1746000 0.019192276823056686
1747000 0.2598132087450342
1748000 0.760289823122135
1749000 0.13710970572899905
1750000 0.5353101314525917
1751000 0.2152018720172375
1752000 0.012120774643893273
1753000 0.24120145759954148
1754000 0.9758737549100538
1755000 0.8015371118829896
1756000 0.9595766443210334
1757000 0.48785404392636245
1758000 0.1097361986775035
1759000 0.547959488973693
1760000 0.4543773345599609
1761000 0.844357082739616
1762000 0.09808258078424459
1763000 0.4882411370217782
1764000 0.15004866469398426
1765000 0.32467592689006
1766000 0.7373570773877997
1767000 0.47601812936876653
1768000 0.37588828514576933
1769000 0.3944762785700353
1770000 0.45944676840598664
1771000 0.7850165438370569
1772000 0.8920846889402344
1773000 0.9553346865039283
1774000 0.7869033862552951
1775000 0.31540689574801273
1776000 0.6881347060865421
1777000 0.4376031240553919
1778000 0.2546706220460512
1779000 0.8408715794259226
1780000 0.038426348962324997
1781000 0.9017619921354235
1782000 0.46147746462473416
1783000 0.6372014768082804
1784000 0.6593539222057827
1785000 0.8951177407065364
1786000 0.6366696821672073
1787000 0.6139335847600618
1788000 0.06665204056068996
1789000 0.5184080219452041
1790000 0.15016900081704165
1791000 0.7374337687214856
1792000 0.5122219208126745
1793000 0.6802277792083533
1794000 0.041672900602384266
1795000 0.08479201604580322
1796000 0.7163233880626823
1797000 0.07208433599867337
1798000 0.0712567277652586
1799000 0.01210847523488745
1800000 0.9565013982994801
1801000 0.737508359459007
1802000 0.35325140850206416
1803000 0.2965355812876552
1804000 0.34970322974584955
1805000 0.7746535311811819
1806000 0.6613706110704144
1807000 0.18519556786746794
1808000 0.17410933533408435
1809000 0.09839564971339732
1810000 0.6603027197013381
1811000 0.7643726622217359
1812000 0.265046428325004
1813000 0.020944961030912812
1814000 0.08217166747642735
1815000 0.9678600348450305
1816000 0.29544477747742026
1817000 0.7692231478381336
1818000 0.6246635688542638
1819000 0.3819396396528959
1820000 0.2056872621955551
1821000 0.12138641815940643
1822000 0.6150129680388666
1823000 0.774633780637788
1824000 0.6439042535411307
1825000 0.5303021332491583
1826000 0.041951223431636264
1827000 0.9684887775943838
1828000 0.7987141916545746
1829000 0.29282203670096474
1830000 0.9799703293588506
1831000 0.6018815896363221
1832000 0.5824226582072465
1833000 0.7480731794295321
1834000 0.8117697880901376
1835000 0.6564786073315027
1836000 0.12809574636620003
1837000 0.3382675059944984
1838000 0.9280836403260497
1839000 0.22461561184385193
1840000 0.3721670238375133
1841000 0.432076882944196
1842000 0.4394049896944522
1843000 0.6129395824945255
1844000 0.9430758377447076
1845000 0.24069271183250496
1846000 0.12150137630091806
1847000 0.19747048985993731
1848000 0.8869249002092695
1849000 0.645810812655206
1850000 0.28590678923916013
1851000 0.8159469389686173
1852000 0.861369996363436
1853000 0.846514338690278
1854000 0.9189265336395545
1855000 0.2522410201733616
1856000 0.7550419287462783
1857000 0.46053949727414
1858000 0.8419985528900615
1859000 0.7284906771616132
1860000 0.7764474464997246
1861000 0.6561618376810715
1862000 0.17742876946970687
1863000 0.5450269188969383
1864000 0.9846697395245082
1865000 0.9373880664971189
1866000 0.04317373579701167
1867000 0.16481481572943713
1868000 0.1317287734545619
1869000 0.7259799099852955
1870000 0.8177853298569451
1871000 0.2135113663106719
1872000 0.505852692951829
1873000 0.8407030280112
1874000 0.7328015447662506
1875000 0.5422372054918483
1876000 0.5903476904587729
1877000 0.50836054691628
1878000 0.2975484513188206
1879000 0.5650219928590161
1880000 0.6888853020500907
1881000 0.8733229158608077
1882000 0.6362913539792481
1883000 0.761121537043158
1884000 0.160071634954573
1885000 0.4615574744197899
1886000 0.009331619827093296
1887000 0.24667886452162302
1888000 0.7264617151130048
1889000 0.9918099513493635
1890000 0.0991780995872159
1891000 0.40149431586128825
1892000 0.8000709686991595
1893000 0.20403563462889884
1894000 0.5550849493022862
1895000 0.7330712960296748
1896000 0.615985450260179
1897000 0.18802473461541613
1898000 0.3553845686857394
1899000 0.7837917844853972
1900000 0.5542265141320166
1901000 0.005229613542912737
1902000 0.7609907600280938
1903000 0.03531135494023907
1904000 0.7457337827312321
1905000 0.2024805601652374
1906000 0.9580734801193802
1907000 0.3679407513020845
1908000 0.3269316163380791
1909000 0.14888805033244468
1910000 0.3056042154902149
1911000 0.8766507618282006
1912000 0.9963343376272473
1913000 0.36830953050684834
1914000 0.44861063095454257
1915000 0.722070938202737
1916000 0.8861957804650745
1917000 0.5930443341867842
1918000 0.39152569817782934
1919000 0.41262184084862374
1920000 0.6956181464968069
1921000 0.0032182636042786816
1922000 0.6195893374598407
1923000 0.3554930104413574
1924000 0.7941973312770843
1925000 0.09299063982313216
1926000 0.5882022669483905
1927000 0.48097288988612374
1928000 0.6423255259052274
1929000 0.06485359448296835
1930000 0.5799837874281313
1931000 0.5614845879595237
1932000 0.5606600944161709
1933000 0.6034876665964548
1934000 0.6764679372263622
1935000 0.8049889996807698
1936000 0.26982072012821434
1937000 0.8250494101800621
1938000 0.4982556822634536
1939000 0.07705827913433116
1940000 0.0585509292439792
1941000 0.3342383186960608
1942000 0.7848969771114676
1943000 0.7076809347409158
1944000 0.7886149646724064
1945000 0.5172690564416094
1946000 0.44019899795549056
1947000 0.14745252670628395
1948000 0.32819275360931155
1949000 0.43401936617387527
1950000 0.08860042967961723
1951000 0.22061195271121126
1952000 0.5982252940637388
1953000 0.7356631142391898
1954000 0.9983475113929496
1955000 0.9331133313435577
1956000 0.6425651995351915
1957000 0.421248053294072
1958000 0.6361773647082327
1959000 0.785651618080232
1960000 0.11833619092338732
1961000 0.40990488969628824
1962000 0.8398022856356172
1963000 0.383832951933044
1964000 0.5718722712271865
1965000 0.5877693608621982
1966000 0.18447625313363936
1967000 0.3622354416522884
1968000 0.33451128874193214
1969000 0.026196708532064794
1970000 0.024191763891355245
1971000 0.8316970436757735
1972000 0.2730708099728124
1973000 0.5180787662388154
1974000 0.29872557358877305
1975000 0.9406792451153405
1976000 0.25929675886577375
1977000 0.4296568127389351
1978000 0.8727302504846018
1979000 0.8419335667918086
1980000 0.18610141784627732
1981000 0.8026433097957104
1982000 0.45818688673789265
1983000 0.4829688720853552
1984000 0.13347997241594378
1985000 0.08060151375712465
1986000 0.7279393069737652
1987000 0.49646115235529975
1988000 0.43685070261517955
1989000 0.7295082286523967
1990000 0.7655128989911097
1991000 0.15890816766935356
1992000 0.6102251494776413
1993000 0.13535408227768553
1994000 0.7513750860290457
1995000 0.6569551562671395
1996000 0.956614621083458
1997000 0.06895801635642118
1998000 0.05705472115125432
1999000 0.28218707469320015
2000000 0.26170568373590597
2001000 0.24697879907199982
2002000 0.9062545805210367
2003000 0.2495461998495061
2004000 0.271949726128631
2005000 0.7593982624179637
2006000 0.44973984245054
2007000 0.7767105569551812
2008000 0.06536615756438524
2009000 0.4875711936733843
2010000 0.03361360018328263
2011000 0.06265320345535452
2012000 0.906437453344411
2013000 0.13924537111759516
2014000 0.5324206822752171
2015000 0.41109560260070654
2016000 0.3473433262588427
2017000 0.8998333456872725
2018000 0.0218233967754895
2019000 0.6637896861755891
2020000 0.9633944342135504
2021000 0.5601681834618419
2022000 0.9368224620330918
2023000 0.05225787928602377
2024000 0.4187933190741614
2025000 0.26015779096205116
2026000 0.7308209649807298
2027000 0.9812970904972467
2028000 0.2565300624442478
2029000 0.6541746014740745
2030000 0.19809763275974013
2031000 0.5653302545716099
2032000 0.4639324866883362
2033000 0.9720053296315371
2034000 0.6085272726964666
2035000 0.3495063720868188
2036000 0.11409578488793337
2037000 0.15124682873493456
2038000 0.2253169299512351
2039000 0.250966661340298
2040000 0.8506160578411378
2041000 0.5612227882825249
2042000 0.5233909113743664
2043000 0.11476887186921747
2044000 0.860139693349435
2045000 0.7228143032084837
2046000 0.06766836190000158
2047000 0.7078350972297687
2048000 0.5435382173426461
2049000 0.08172534574677826
2050000 0.45830064152865646
2051000 0.484696287130047
2052000 0.16577454016327575
2053000 0.9456981470002823
2054000 0.8499753714806619
2055000 0.6690223373291083
2056000 0.4622955610006072
2057000 0.4117655415845085
2058000 0.6509734671509542
2059000 0.5454318694069055
2060000 0.062273105881885615
2061000 0.5125026487703317
2062000 0.8064036172328395
2063000 0.45923987759695806
2064000 0.05195657755426841
2065000 0.7862781993840331
2066000 0.2013637821359744
2067000 0.2586208348880388
2068000 0.1647063534322959
2069000 0.33021506487149754
2070000 0.756751505688635
2071000 0.5193858595039373
2072000 0.20488127415071256
2073000 0.8778300781520408
2074000 0.8795818549515292
2075000 0.8705784250460069
2076000 0.23879621138153928
2077000 0.4512393441809881
2078000 0.9849896561408751
2079000 0.7720124763099904
2080000 0.027167421225559818
2081000 0.06520459126049205
2082000 0.46393137681233276
2083000 0.9092202058615602
2084000 0.5387017979527142
2085000 0.4978125080342902
2086000 0.10547369995663058
2087000 0.656780104724294
2088000 0.8221031606002255
2089000 0.38042000750756233
2090000 0.7756118509253275
2091000 0.9644766539008116
2092000 0.2037664591276891
2093000 0.5233296311947413
2094000 0.28713795808457554
2095000 0.7928544190338394
2096000 0.5775933658811575
2097000 0.6345824175503038
2098000 0.7979141596158941
2099000 0.3959704726624549
2100000 0.9150900684070432
2101000 0.53302886724614
2102000 0.157954822835348
2103000 0.6958991181688025
2104000 0.7932613504382544
2105000 0.31676167706752667
2106000 0.857179256998753
2107000 0.9061432547657664
2108000 0.2769044873778089
2109000 0.9835214727152221
2110000 0.14071152804875842
2111000 0.20201566840248997
2112000 0.18422483923802613
2113000 0.8939897100078704
2114000 0.6542925523249619
2115000 0.15210428322227287
2116000 0.440323418368349
2117000 0.615298025069802
2118000 0.08346408498938329
2119000 0.8824163684073387
2120000 0.8036035354415352
2121000 0.5052067735766382
2122000 0.9671266152591704
2123000 0.4177609792750997
2124000 0.9841103190364978
2125000 0.6679199988036271
2126000 0.6346712732539415
2127000 0.165954895295785
2128000 0.881927758304644
2129000 0.42748968792061515
2130000 0.16223340578247936
2131000 0.01260751997575904
2132000 0.5597556836383826
2133000 0.5273996221226763
2134000 0.7193536223691586
2135000 0.8902580530178021
2136000 0.07940658464302952
2137000 0.7314964903403623
2138000 0.18741194409758222
2139000 0.858177053157164
2140000 0.8190635138616561
2141000 0.5407937549855444
2142000 0.7102427986233115
2143000 0.3143501131837484
2144000 0.47116789893281463
2145000 0.8216368977104717
2146000 0.4592651971732139
2147000 0.3577982653254418
2148000 0.4942124472502999
2149000 0.8282492524372184
2150000 0.33520804737087273
2151000 0.1737615931357438
2152000 0.7120140203307808
2153000 0.8259782127080818
2154000 0.10063747852353333
2155000 0.23987411275594472
2156000 0.1419719897609939
2157000 0.3479414115821666
2158000 0.45035097890541265
2159000 0.7488263369633065
2160000 0.6511475848816741
2161000 0.6209285674784312
2162000 0.3523749466096544
2163000 0.8414475530847599
2164000 0.47128716739816456
2165000 0.9791049380151545
2166000 0.6341421382957368
2167000 0.12626474156450274
2168000 0.676177562075434
2169000 0.325104015431699
2170000 0.6863271966860974
2171000 0.06964114816240574
2172000 0.1748814371759594
2173000 0.8557372589057863
2174000 0.2271795570235149
2175000 0.83704112524294
2176000 0.27927608845441043
2177000 0.6428819100587077
2178000 0.694150573509831
2179000 0.5126547531450529
2180000 0.3053106766967313
2181000 0.21264437637109612
2182000 0.03318935456242622
2183000 0.3039464012407238
2184000 0.653162790531283
2185000 0.9383048184484827
2186000 0.871204482263052
2187000 0.7660647765353026
2188000 0.7884473432532987
2189000 0.6649849034759953
2190000 0.260286857566003
2191000 0.9071950307058299
2192000 0.670732311905834
2193000 0.56044063098044
2194000 0.11098946921348107
2195000 0.4470555438064254
2196000 0.4603582712019263
2197000 0.86456360952267
2198000 0.5466482201877885
2199000 0.38040054897040965
2200000 0.9768003285106593
2201000 0.11072059332631567
2202000 0.4225484283119446
2203000 0.04202467517140529
2204000 0.7399041207669304
2205000 0.9180765521991506
2206000 0.28003732955048943
2207000 0.8583416767991209
2208000 0.29221823046189777
2209000 0.9107701616439152
2210000 0.7539619035967839
2211000 0.8049067768414386
2212000 0.0180065556004545
2213000 0.962810357074026
2214000 0.7266709920703233
2215000 0.3047510953861333
2216000 0.8293946648588469
2217000 0.28152119841492995
2218000 0.872753839566128
2219000 0.11258039041193701
2220000 0.7036859774607958
2221000 0.5406984766449103
2222000 0.09653447019544081
2223000 0.24189382825883898
2224000 0.01240403627731479
2225000 0.46876796546450583
2226000 0.3012652607600004
2227000 0.5983574842977588
2228000 0.2972378077086172
2229000 0.2999191115069847
2230000 0.7431931987316034
2231000 0.04814283597835345
2232000 0.9028949951919872
2233000 0.8522638743911815
2234000 0.6678046832264065
2235000 0.5932215701073843
2236000 0.8923024981396522
2237000 0.18533017952871444
2238000 0.07896916219082861
2239000 0.2395101699095381
2240000 0.7945782787001903
2241000 0.03467026672648332
2242000 0.5828068350834896
2243000 0.9954375161913099
2244000 0.8556960938375394
2245000 0.5214456890435895
2246000 0.06364090928664234
2247000 0.8313735143857098
2248000 0.5989785081772105
2249000 0.11493299705956683
2250000 0.0938572848233562
2251000 0.9096268194365924
2252000 0.6692002629380784
2253000 0.8292867993167555
2254000 0.8789789002822673
2255000 0.5717723520483222
2256000 0.5174463517550413
2257000 0.4304274103209902
2258000 0.3169465877911193
2259000 0.43459596085871177
2260000 0.7738796557301564
2261000 0.6019234310151316
2262000 0.8925232899548461
2263000 0.4433800143791877
2264000 0.607089578718754
2265000 0.6313075530919887
2266000 0.5916971623063255
2267000 0.7026337730855163
2268000 0.23743346837480628
2269000 0.5123637775457907
2270000 0.10422480280834767
2271000 0.38451132764481255
2272000 0.4876670686212644
2273000 0.6522242595454725
2274000 0.9505310525862035
2275000 0.6006510665483559
2276000 0.7435939161765598
2277000 0.5062660594952028
2278000 0.6341040313763313
2279000 0.07093221613377343
2280000 0.254391580841847
2281000 0.3618530932051387
2282000 0.47249335500651357
2283000 0.045648745502383736
2284000 0.14002409755331768
2285000 0.2768143077913058
2286000 0.9715326909010507
2287000 0.33134700710305076
2288000 0.48204105811208253
2289000 0.19609771273839294
2290000 0.6107800710757683
2291000 0.2806832155159743
2292000 0.20699257843842678
2293000 0.5165726284459791
2294000 0.005505799160420821
2295000 0.0076640326492253275
2296000 0.21906880910185778
2297000 0.03672136250082114
2298000 0.10802575413069138
2299000 0.3388606493387516
2300000 0.8025856795798129
2301000 0.5720486433693008
2302000 0.5126677259564164
2303000 0.29348882320812164
2304000 0.9317537194328164
2305000 0.39701504123719167
2306000 0.08709276679577149
2307000 0.6170665161178013
2308000 0.11383839347660141
2309000 0.3452231428016921
2310000 0.5074119387178089
2311000 0.8742225246851758
2312000 0.49354658034011867
2313000 0.7022587660316643
2314000 0.9928168389990704
2315000 0.13148911989798162
2316000 0.2747315255195195
2317000 0.3945760755976464
2318000 0.42182817853883137
2319000 0.41102107526554577
2320000 0.9076110025565549
2321000 0.7140326444668564
2322000 0.6079052140907037
2323000 0.3093727178627821
2324000 0.8237903842212947
2325000 0.9550605114849889
2326000 0.8211982825502265
2327000 0.0015651051914729042
2328000 0.636401370183407
2329000 0.051135381442100725
2330000 0.25760722033372185
2331000 0.059524700347771686
2332000 0.6037954529493877
2333000 0.6865899134926068
2334000 0.11448763806590512
2335000 0.3838388830449795
2336000 0.456236508955542
2337000 0.3690530217609166
2338000 0.12102500048519305
2339000 0.4189477901874754
2340000 0.7511780478084181
2341000 0.07100766453325547
2342000 0.08018001408190345
2343000 0.3547712918359842
2344000 0.941725711618925
2345000 0.668572646722914
2346000 0.6786699566725648
2347000 0.36191999083786497
2348000 0.5936607912085384
2349000 0.010131184027743378
2350000 0.6360960464095422
2351000 0.9132869475762367
2352000 0.6125734683448192
2353000 0.873698593466345
2354000 0.7239730554660938
2355000 0.12055841640369025
2356000 0.9024533072858417
2357000 0.06644384435577488
2358000 0.5339674725477638
2359000 0.14213712379345766
2360000 0.011706610730904066
2361000 0.422034260127639
2362000 0.29504070765415624
2363000 0.486000493797603
2364000 0.5771998867345508
2365000 0.04373907230894736
2366000 0.12300329512374564
2367000 0.5586423964504253
2368000 0.34316735317265823
2369000 0.729173487549448
2370000 0.6522916485919397
2371000 0.8456043629899068
2372000 0.6924928266692253
2373000 0.42993107739014813
2374000 0.6729666223944324
2375000 0.2753811742554185
2376000 0.3063134987782127
2377000 0.7889851599207933
2378000 0.4464195164015822
2379000 0.7983803405183525
2380000 0.8224223736682784
2381000 0.8575623376612838
2382000 0.9166352358412073
2383000 0.43098522051329624
2384000 0.31886681832113883
2385000 0.5821987465941139
2386000 0.3711724234376276
2387000 0.601074166800233
2388000 0.7055858626438246
2389000 0.6884050184921369
2390000 0.37455288702012135
2391000 0.16686020169875282
2392000 0.43052933846220753
2393000 0.14259414408190874
2394000 0.8900970351838083
2395000 0.3458774607378574
2396000 0.15445974722332378
2397000 0.025447759905750877
2398000 0.6458223862864843
2399000 0.6369023174547432
2400000 0.34060416658129167
2401000 0.071711888847651
2402000 0.409628894895232
2403000 0.3112174950633936
2404000 0.6771206397350094
2405000 0.6057792494526903
2406000 0.36459372819754
2407000 0.2178925542549901
2408000 0.9880359661555919
2409000 0.45400162119611487
2410000 0.688274235780237
2411000 0.14055296757836078
2412000 0.4855896996593978
2413000 0.027536719869465487
2414000 0.50545511791045
2415000 0.9640174071177023
2416000 0.3842067129858002
2417000 0.03899601257491159
2418000 0.03095579091934353
2419000 0.3879867599468695
2420000 0.16002493646319405
2421000 0.023352096328185912
2422000 0.7562136139501768
2423000 0.4585230088818907
2424000 0.2892447719726545
2425000 0.9000831830164807
2426000 0.11613896020052561
2427000 0.9559188289553192
2428000 0.3139667173773528
2429000 0.8884036723086812
2430000 0.6029428764794615
2431000 0.8267073597414875
2432000 0.9840131632104643
2433000 0.2884054378187457
2434000 0.961135485407593
2435000 0.38948189490242036
2436000 0.3855119047369223
2437000 0.3403871042545057
2438000 0.5414076073475852
2439000 0.1541450431784871
2440000 0.5537114853580112
2441000 0.541704812410004
2442000 0.76190181260487
2443000 0.8336499619375856
2444000 0.44044135031242404
2445000 0.30233324935149375
2446000 0.25933489731709447
2447000 0.19462383670487193
2448000 0.05764758219902488
2449000 0.34244797883471334
2450000 0.27024769213078326
2451000 0.9664173858664074
2452000 0.5577088262500439
2453000 0.34727703903050755
2454000 0.580467600993696
2455000 0.1391967013456955
2456000 0.4440437492022029
2457000 0.6262343214210638
2458000 0.4888978317924514
2459000 0.40177880065432425
2460000 0.9938483888996982
2461000 0.880314762148927
2462000 0.6234059581594401
2463000 0.5693773611822828
2464000 0.620660479824584
2465000 0.20131210782243325
2466000 0.3951377432643186
2467000 0.03945953289089932
2468000 0.47554603748682667
2469000 0.5430245839576632
2470000 0.2277497361032096
2471000 0.9640288471655137
2472000 0.909454610937242
2473000 0.7221432354559059
2474000 0.5333866287653626
2475000 0.869969159647685
2476000 0.1306523438234629
2477000 0.790509794274885
2478000 0.1248208139668483
2479000 0.7942106625494054
2480000 0.27576756825135695
2481000 0.8770905810181889
2482000 0.9440420938253978
2483000 0.14879596940511564
2484000 0.4626756050653935
2485000 0.9809873781626851
2486000 0.4834074359731466
2487000 0.8635475225145451
2488000 0.5887315221313199
2489000 0.37532990791960186
2490000 0.2857835555258702
2491000 0.20322309108608727
2492000 0.7617981913776972
2493000 0.3865405068230279
2494000 0.5112754622007512
2495000 0.4923254800011819
2496000 0.5772790292331312
2497000 0.8655771456245522
2498000 0.9807393435834294
2499000 0.40758420857381694
2500000 0.8275189221063031
2501000 0.7645277946547177
2502000 0.5735289514555733
2503000 0.9560471436119331
2504000 0.20047451552840279
2505000 0.10926421030962141
2506000 0.8539619669554221
2507000 0.4391498166337483
2508000 0.8469688542070605
2509000 0.8930902051954149
2510000 0.06245759361907144
2511000 0.8834647629860607
2512000 0.4483190553694222
2513000 0.5104324890042322
2514000 0.6265925110932102
2515000 0.9263826067300868
2516000 0.01911609442976403
2517000 0.4768434683178171
2518000 0.6877220424305607
2519000 0.7227069576982285
2520000 0.692532431537108
2521000 0.13443512940812186
2522000 0.29939558837168123
2523000 0.35871552541701346
2524000 0.804437207679505
2525000 0.278759872414553
2526000 0.21070496386720317
2527000 0.9574480190380962
2528000 0.0088632851134689
2529000 0.9978208556819782
2530000 0.6768212988573956
2531000 0.8284692994491171
2532000 0.29461939634619316
2533000 0.014315277667059978
2534000 0.73786951856153
2535000 0.8341445970006758
2536000 0.7404761319535191
2537000 0.1428502873008386
2538000 0.7534279222569691
2539000 0.768922782107641
2540000 0.6585405156700549
2541000 0.7661159327955862
2542000 0.8459214396777321
2543000 0.6136041142374584
2544000 0.08860471396967906
2545000 0.48762780966721087
2546000 0.07764933467160506
2547000 0.40754303103243084
2548000 0.40710648912562764
2549000 0.06600984414024158
2550000 0.3488205339694793
2551000 0.11099809879131484
2552000 0.8082352100092222
2553000 0.9476880259644708
2554000 0.0723164752579386
2555000 0.9551152072917014
2556000 0.5225765993367452
2557000 0.2995656779538739
2558000 0.07686207527616351
2559000 0.5006242680704178
2560000 0.7945155444907487
2561000 0.7070864772666982
2562000 0.05022601146397376
2563000 0.07290183536790351
2564000 0.4028732826326371
2565000 0.2952904940479433
2566000 0.23238432305604784
2567000 0.2810044989087136
2568000 0.8034827432968846
2569000 0.9292280536318539
2570000 0.4051026945275664
2571000 0.9061110021324971
2572000 0.32149570124788196
2573000 0.4764369863437916
2574000 0.22602899781599972
2575000 0.640476042175844
2576000 0.9789811151748089
2577000 0.6034930960433786
2578000 0.35781408411354887
2579000 0.6478174459905284
2580000 0.12292067846538757
2581000 0.8886590802653986
2582000 0.5030839507798364
2583000 0.44934974203964206
2584000 0.5858647884535192
2585000 0.6247838627894025
2586000 0.07177580622651303
2587000 0.6826172212234024
2588000 0.24193168031552958
2589000 0.7139526325065898
2590000 0.8225347943841967
2591000 0.8039585075525203
2592000 0.5525009674078891
2593000 0.5201698923107512
2594000 0.14287596133941172
2595000 0.7753461504031356
2596000 0.27140938044671437
2597000 0.49669542281794654
2598000 0.2842740929275167
2599000 0.13382836299969314
2600000 0.6295576968917366
2601000 0.05433203482290383
2602000 0.7486452341262
2603000 0.31758679526111666
2604000 0.00013469300448532007
